 1 Centrale kraftværker DK1
 2 Centrale kraftværker DK2
 3 Decentrale kraftværker DK1
 4 Decentrale kraftværker DK2
 5 Vindmøller DK1
 6 Vindmøller DK2
 7 Udveksling Jylland-Norge
 8 Udveksling Jylland-Sverige
 9 Udveksling Jylland-Tyskland
10 Udveksling Sjælland-Sverige
11 Udveksling Sjælland-Tyskland
12 Udveksling Bornholm-Sverige
13 Udveksling Fyn-Sjaelland
14 Temperatur i Malling
15 Vindhastighed i Malling
16 CO2 udledning
 
Dato og tid      ;      1 ;      2 ;      3 ;      4 ;      5 ;      6 ;      7 ;      8 ;      9 ;     10 ;     11 ;     12 ;     13 ;     14 ;     15 ;     16 ;
2013-05-29 00:00 ;    988 ;    558 ;    191 ;     81 ;    543 ;    334 ;    458 ;    600 ;   -923 ;    422 ;   -159 ;     -3 ;     23 ;     12 ;      4 ;    355 ;
2013-05-29 00:05 ;   1076 ;    578 ;    199 ;     86 ;    554 ;    331 ;    353 ;    602 ;   -911 ;    246 ;    -15 ;     -3 ;      0 ;     12 ;      7 ;    383 ;
2013-05-29 00:10 ;   1094 ;    536 ;    197 ;     90 ;    593 ;    332 ;    291 ;    607 ;   -897 ;    174 ;     98 ;     -4 ;      0 ;     12 ;      6 ;    380 ;
2013-05-29 00:15 ;   1118 ;    497 ;    198 ;     84 ;    611 ;    344 ;    235 ;    616 ;   -914 ;    164 ;    101 ;     -4 ;      0 ;     12 ;      5 ;    384 ;
2013-05-29 00:20 ;   1110 ;    511 ;    201 ;     78 ;    572 ;    346 ;    233 ;    616 ;   -920 ;    158 ;    101 ;     -6 ;      0 ;     12 ;      6 ;    394 ;
2013-05-29 00:25 ;   1114 ;    530 ;    199 ;     77 ;    579 ;    350 ;    233 ;    615 ;   -939 ;    109 ;    101 ;     -5 ;      0 ;     12 ;      6 ;    406 ;
2013-05-29 00:30 ;   1113 ;    529 ;    196 ;     78 ;    566 ;    361 ;    233 ;    616 ;   -936 ;    112 ;    101 ;     -5 ;      0 ;     12 ;      4 ;    405 ;
2013-05-29 00:35 ;   1122 ;    532 ;    203 ;     83 ;    573 ;    383 ;    232 ;    615 ;   -959 ;     47 ;    101 ;     -6 ;      0 ;     12 ;      6 ;    413 ;
2013-05-29 00:40 ;   1119 ;    515 ;    203 ;     82 ;    554 ;    405 ;    233 ;    615 ;   -934 ;     52 ;    102 ;     -5 ;      0 ;     12 ;      6 ;    408 ;
2013-05-29 00:45 ;   1116 ;    513 ;    199 ;     79 ;    561 ;    407 ;    232 ;    616 ;   -970 ;     45 ;    101 ;     -6 ;      0 ;     11 ;      5 ;    413 ;
2013-05-29 00:50 ;   1112 ;    506 ;    197 ;     82 ;    550 ;    416 ;    232 ;    602 ;   -944 ;     26 ;    101 ;     -5 ;      0 ;     11 ;      6 ;    413 ;
2013-05-29 00:55 ;   1116 ;    508 ;    199 ;    222 ;    525 ;    278 ;    232 ;    587 ;   -939 ;     22 ;    101 ;     -5 ;      0 ;     11 ;      4 ;    436 ;
2013-05-29 01:00 ;   1096 ;    503 ;    202 ;     81 ;    557 ;    282 ;    179 ;    472 ;   -773 ;    130 ;      0 ;     -4 ;      0 ;     11 ;      4 ;    430 ;
2013-05-29 01:05 ;   1012 ;    514 ;    197 ;     82 ;    560 ;    286 ;    118 ;    383 ;   -541 ;    217 ;   -109 ;     -5 ;      0 ;     11 ;      4 ;    412 ;
2013-05-29 01:10 ;    981 ;    512 ;    200 ;     78 ;    561 ;    282 ;    118 ;    380 ;   -512 ;    225 ;   -110 ;     -5 ;      0 ;     11 ;      4 ;    404 ;
2013-05-29 01:15 ;    952 ;    512 ;    195 ;     83 ;    539 ;    275 ;    117 ;    380 ;   -487 ;    213 ;   -110 ;     -5 ;      0 ;     11 ;      3 ;    403 ;
2013-05-29 01:20 ;    975 ;    513 ;    198 ;     77 ;    534 ;    304 ;    119 ;    380 ;   -517 ;    171 ;   -110 ;     -4 ;      0 ;     11 ;      3 ;    412 ;
2013-05-29 01:25 ;    978 ;    506 ;    199 ;     85 ;    541 ;    309 ;    118 ;    380 ;   -541 ;    170 ;   -111 ;     -4 ;      0 ;     11 ;      3 ;    414 ;
2013-05-29 01:30 ;    968 ;    509 ;    193 ;     78 ;    551 ;    330 ;    117 ;    380 ;   -535 ;    128 ;   -110 ;     -4 ;      0 ;     11 ;      3 ;    410 ;
2013-05-29 01:35 ;    956 ;    503 ;    196 ;     82 ;    582 ;    342 ;    116 ;    380 ;   -539 ;    133 ;   -110 ;     -3 ;      0 ;     11 ;      4 ;    401 ;
2013-05-29 01:40 ;    942 ;    504 ;    201 ;     79 ;    593 ;    345 ;    116 ;    381 ;   -552 ;    130 ;   -110 ;     -3 ;      0 ;     11 ;      3 ;    398 ;
2013-05-29 01:45 ;    898 ;    506 ;    196 ;     80 ;    607 ;    347 ;    116 ;    381 ;   -511 ;    103 ;   -110 ;     -2 ;      0 ;     11 ;      3 ;    390 ;
2013-05-29 01:50 ;    900 ;    506 ;    198 ;     80 ;    603 ;    347 ;    116 ;    370 ;   -500 ;    103 ;   -110 ;     -5 ;      0 ;     11 ;      3 ;    391 ;
2013-05-29 01:55 ;    904 ;    502 ;    188 ;     76 ;    592 ;    357 ;    116 ;    301 ;   -430 ;     92 ;   -110 ;     -3 ;      0 ;     11 ;      3 ;    391 ;
2013-05-29 02:00 ;    999 ;    488 ;    194 ;     81 ;    580 ;    368 ;      2 ;    163 ;   -284 ;    104 ;   -112 ;     -3 ;      0 ;     11 ;      3 ;    402 ;
2013-05-29 02:05 ;   1039 ;    492 ;    203 ;     80 ;    571 ;    540 ;   -118 ;     69 ;    -94 ;     87 ;   -115 ;     -4 ;      0 ;     11 ;      3 ;    384 ;
2013-05-29 02:10 ;   1023 ;    495 ;    201 ;     76 ;    589 ;    542 ;   -118 ;     35 ;    -81 ;     78 ;   -115 ;     -4 ;      0 ;     10 ;      3 ;    380 ;
2013-05-29 02:15 ;   1055 ;    482 ;    202 ;     77 ;    584 ;    543 ;   -116 ;     -1 ;    -48 ;    102 ;   -115 ;     -4 ;      0 ;     10 ;      2 ;    383 ;
2013-05-29 02:20 ;   1065 ;    468 ;    208 ;     80 ;    594 ;    533 ;   -116 ;     -1 ;    -61 ;     96 ;   -115 ;     -2 ;      0 ;     10 ;      3 ;    382 ;
2013-05-29 02:25 ;   1077 ;    444 ;    200 ;     87 ;    589 ;    543 ;   -116 ;     -1 ;    -63 ;    126 ;   -115 ;     -3 ;      0 ;     10 ;      3 ;    380 ;
2013-05-29 02:30 ;   1081 ;    438 ;    200 ;     81 ;    590 ;    552 ;   -116 ;     -1 ;    -75 ;    126 ;   -115 ;     -2 ;      0 ;     10 ;      4 ;    379 ;
2013-05-29 02:35 ;   1085 ;    436 ;    204 ;     80 ;    579 ;    549 ;   -116 ;     -1 ;    -63 ;    117 ;   -115 ;     -3 ;      0 ;     11 ;      4 ;    381 ;
2013-05-29 02:40 ;   1094 ;    438 ;    199 ;     85 ;    578 ;    537 ;   -118 ;     -1 ;    -80 ;    115 ;   -115 ;     -2 ;      0 ;     11 ;      4 ;    385 ;
2013-05-29 02:45 ;   1091 ;    442 ;    204 ;     84 ;    587 ;    552 ;   -116 ;     -1 ;    -93 ;    109 ;   -115 ;     -4 ;      0 ;     11 ;      4 ;    382 ;
2013-05-29 02:50 ;   1079 ;    446 ;    203 ;     81 ;    616 ;    546 ;   -126 ;     -1 ;    -94 ;    102 ;   -115 ;     -2 ;      0 ;     11 ;      4 ;    378 ;
2013-05-29 02:55 ;   1065 ;    443 ;    199 ;     79 ;    627 ;    549 ;   -136 ;     -1 ;    -68 ;    113 ;   -115 ;     -3 ;      0 ;     11 ;      5 ;    374 ;
2013-05-29 03:00 ;   1034 ;    449 ;    202 ;     82 ;    634 ;    552 ;    -64 ;     -1 ;   -137 ;    116 ;   -122 ;     -4 ;      0 ;     11 ;      3 ;    370 ;
2013-05-29 03:05 ;   1024 ;    451 ;    196 ;     82 ;    658 ;    547 ;    -63 ;     -1 ;   -138 ;    121 ;   -130 ;     -4 ;      0 ;     11 ;      2 ;    367 ;
2013-05-29 03:10 ;   1016 ;    435 ;    201 ;     75 ;    666 ;    554 ;    -72 ;     -1 ;   -141 ;    124 ;   -130 ;     -3 ;      0 ;     11 ;      2 ;    361 ;
2013-05-29 03:15 ;    990 ;    437 ;    202 ;     80 ;    652 ;    552 ;    -77 ;     -1 ;    -98 ;    114 ;   -130 ;     -2 ;      0 ;     11 ;      4 ;    360 ;
2013-05-29 03:20 ;    984 ;    434 ;    199 ;     83 ;    658 ;    549 ;    -77 ;     -1 ;    -85 ;    136 ;   -130 ;     -1 ;      0 ;     11 ;      3 ;    359 ;
2013-05-29 03:25 ;    961 ;    420 ;    198 ;     87 ;    665 ;    562 ;    -77 ;     -1 ;    -94 ;    136 ;   -130 ;     -2 ;      0 ;     11 ;      1 ;    352 ;
2013-05-29 03:30 ;    959 ;    415 ;    197 ;     79 ;    648 ;    575 ;    -77 ;     -1 ;    -65 ;    145 ;   -130 ;     -1 ;      0 ;     11 ;      2 ;    351 ;
2013-05-29 03:35 ;    974 ;    410 ;    196 ;     86 ;    641 ;    567 ;    -77 ;     -1 ;    -71 ;    168 ;   -130 ;     -2 ;      0 ;     11 ;      4 ;    354 ;
2013-05-29 03:40 ;    972 ;    412 ;    197 ;     79 ;    652 ;    579 ;    -75 ;     -1 ;    -84 ;    132 ;   -130 ;     -3 ;      0 ;     11 ;      4 ;    352 ;
2013-05-29 03:45 ;    931 ;    412 ;    200 ;     77 ;    687 ;    575 ;    -77 ;     -1 ;    -91 ;    134 ;   -130 ;     -4 ;      0 ;     11 ;      3 ;    342 ;
2013-05-29 03:50 ;    935 ;    415 ;    201 ;     72 ;    704 ;    585 ;    -93 ;     -1 ;    -95 ;    144 ;   -130 ;     -3 ;      0 ;     11 ;      3 ;    340 ;
2013-05-29 03:55 ;    922 ;    413 ;    199 ;     85 ;    727 ;    585 ;   -112 ;     -1 ;    -87 ;    136 ;   -130 ;     -2 ;      0 ;     11 ;      5 ;    335 ;
2013-05-29 04:00 ;    904 ;    404 ;    207 ;     82 ;    740 ;    603 ;   -116 ;     -1 ;    -78 ;     85 ;    -89 ;     -1 ;      0 ;     11 ;      5 ;    329 ;
2013-05-29 04:05 ;    885 ;    408 ;    201 ;     83 ;    767 ;    622 ;   -173 ;     -1 ;    -23 ;     43 ;    -34 ;      0 ;      0 ;     11 ;      3 ;    321 ;
2013-05-29 04:10 ;    880 ;    405 ;    198 ;     81 ;    800 ;    620 ;   -189 ;     -1 ;     11 ;     14 ;    -31 ;      0 ;      0 ;     11 ;      4 ;    317 ;
2013-05-29 04:15 ;    877 ;    411 ;    204 ;     78 ;    792 ;    617 ;   -205 ;     -1 ;      7 ;     11 ;    -31 ;     -1 ;      0 ;     11 ;      3 ;    319 ;
2013-05-29 04:20 ;    862 ;    415 ;    203 ;     85 ;    806 ;    626 ;   -207 ;     -1 ;      3 ;    -11 ;    -31 ;     -1 ;      0 ;     11 ;      6 ;    314 ;
2013-05-29 04:25 ;    850 ;    412 ;    205 ;     80 ;    816 ;    633 ;   -206 ;     -1 ;    -12 ;    -11 ;    -31 ;      0 ;      0 ;     11 ;      4 ;    311 ;
2013-05-29 04:30 ;    851 ;    411 ;    200 ;     82 ;    813 ;    635 ;   -207 ;     -1 ;    -26 ;    -12 ;    -31 ;     -1 ;      0 ;     11 ;      5 ;    311 ;
2013-05-29 04:35 ;    840 ;    416 ;    198 ;     82 ;    836 ;    633 ;   -207 ;     -1 ;    -40 ;    -27 ;    -31 ;     -2 ;      0 ;     11 ;      5 ;    307 ;
2013-05-29 04:40 ;    815 ;    415 ;    195 ;     82 ;    863 ;    629 ;   -207 ;     -1 ;    -33 ;    -20 ;    -31 ;     -2 ;      0 ;     11 ;      3 ;    301 ;
2013-05-29 04:45 ;    796 ;    418 ;    196 ;     82 ;    897 ;    649 ;   -207 ;     -1 ;    -39 ;    -27 ;    -31 ;      0 ;      0 ;     11 ;      4 ;    294 ;
2013-05-29 04:50 ;    783 ;    419 ;    207 ;     86 ;    913 ;    637 ;   -157 ;     -1 ;     -1 ;   -103 ;    -31 ;     -1 ;    -72 ;     11 ;      4 ;    292 ;
2013-05-29 04:55 ;    777 ;    430 ;    192 ;     80 ;    926 ;    658 ;    -94 ;     -1 ;    -13 ;   -172 ;    -31 ;     -2 ;   -125 ;     11 ;      5 ;    288 ;
2013-05-29 05:00 ;    766 ;    427 ;    195 ;     86 ;    935 ;    669 ;    -87 ;    102 ;    -48 ;   -231 ;    -17 ;     -2 ;   -185 ;     12 ;      5 ;    285 ;
2013-05-29 05:05 ;    780 ;    409 ;    191 ;     85 ;    934 ;    666 ;    -87 ;    101 ;      0 ;   -293 ;      0 ;     -2 ;   -244 ;     11 ;      5 ;    286 ;
2013-05-29 05:10 ;    790 ;    405 ;    196 ;     86 ;    947 ;    655 ;      0 ;    101 ;    -42 ;   -343 ;      0 ;     -1 ;   -298 ;     11 ;      5 ;    288 ;
2013-05-29 05:15 ;    784 ;    401 ;    192 ;     84 ;    970 ;    664 ;      1 ;    101 ;      5 ;   -385 ;      0 ;     -2 ;   -358 ;     11 ;      4 ;    284 ;
2013-05-29 05:20 ;    824 ;    403 ;    191 ;     87 ;    979 ;    686 ;      2 ;    101 ;     -9 ;   -390 ;      0 ;      1 ;   -358 ;     12 ;      6 ;    287 ;
2013-05-29 05:25 ;    825 ;    410 ;    191 ;     86 ;    996 ;    683 ;      2 ;    102 ;    -31 ;   -385 ;      0 ;      0 ;   -359 ;     12 ;      4 ;    287 ;
2013-05-29 05:30 ;    832 ;    415 ;    196 ;     91 ;   1023 ;    685 ;      2 ;    101 ;    -46 ;   -365 ;      0 ;     -2 ;   -357 ;     12 ;      5 ;    286 ;
2013-05-29 05:35 ;    867 ;    421 ;    193 ;     89 ;   1050 ;    691 ;      1 ;    101 ;    -84 ;   -388 ;      0 ;      1 ;   -358 ;     12 ;      5 ;    288 ;
2013-05-29 05:40 ;    858 ;    434 ;    194 ;     84 ;   1068 ;    682 ;      2 ;    101 ;    -86 ;   -369 ;      0 ;      0 ;   -358 ;     12 ;      7 ;    288 ;
2013-05-29 05:45 ;    812 ;    440 ;    196 ;     93 ;   1077 ;    677 ;      2 ;    101 ;    -40 ;   -371 ;      0 ;      1 ;   -358 ;     12 ;      5 ;    282 ;
2013-05-29 05:50 ;    857 ;    439 ;    197 ;     93 ;   1101 ;    679 ;     58 ;     53 ;   -142 ;   -316 ;      0 ;      1 ;   -294 ;     12 ;      3 ;    286 ;
2013-05-29 05:55 ;    817 ;    465 ;    201 ;     90 ;   1107 ;    668 ;    106 ;     -1 ;   -154 ;   -180 ;    -79 ;      1 ;   -232 ;     12 ;      6 ;    284 ;
2013-05-29 06:00 ;    864 ;    484 ;    204 ;     97 ;   1118 ;    681 ;    262 ;     94 ;   -485 ;     38 ;   -231 ;      3 ;   -170 ;     12 ;      5 ;    290 ;
2013-05-29 06:05 ;    930 ;    483 ;    212 ;     92 ;   1132 ;    679 ;    416 ;    196 ;   -836 ;    304 ;   -385 ;      4 ;   -105 ;     12 ;      4 ;    298 ;
2013-05-29 06:10 ;    998 ;    503 ;    217 ;     97 ;   1113 ;    678 ;    472 ;    199 ;   -994 ;    442 ;   -478 ;      5 ;    -42 ;     12 ;      3 ;    309 ;
2013-05-29 06:15 ;   1016 ;    530 ;    210 ;     93 ;   1121 ;    665 ;    527 ;    199 ;  -1088 ;    512 ;   -479 ;      7 ;     20 ;     12 ;      4 ;    313 ;
2013-05-29 06:20 ;   1025 ;    532 ;    207 ;     91 ;   1146 ;    661 ;    525 ;    199 ;  -1089 ;    530 ;   -479 ;      8 ;     21 ;     12 ;      5 ;    312 ;
2013-05-29 06:25 ;   1043 ;    573 ;    205 ;     95 ;   1155 ;    643 ;    524 ;    199 ;  -1105 ;    503 ;   -479 ;      8 ;     21 ;     12 ;      6 ;    316 ;
2013-05-29 06:30 ;   1036 ;    576 ;    213 ;     95 ;   1171 ;    657 ;    525 ;    199 ;  -1086 ;    511 ;   -479 ;      9 ;     21 ;     12 ;      6 ;    313 ;
2013-05-29 06:35 ;   1046 ;    581 ;    231 ;     96 ;   1190 ;    654 ;    525 ;    199 ;  -1104 ;    562 ;   -479 ;      9 ;     21 ;     12 ;      8 ;    313 ;
2013-05-29 06:40 ;   1023 ;    604 ;    257 ;    100 ;   1216 ;    661 ;    524 ;    199 ;  -1114 ;    545 ;   -479 ;     10 ;     21 ;     13 ;      6 ;    309 ;
2013-05-29 06:45 ;    993 ;    623 ;    277 ;    100 ;   1241 ;    677 ;    524 ;    198 ;  -1106 ;    527 ;   -479 ;     10 ;     21 ;     12 ;      6 ;    302 ;
2013-05-29 06:50 ;    971 ;    648 ;    306 ;    101 ;   1279 ;    692 ;    595 ;    223 ;  -1134 ;    465 ;   -479 ;     10 ;    -56 ;     13 ;      8 ;    295 ;
2013-05-29 06:55 ;    953 ;    667 ;    322 ;    103 ;   1278 ;    677 ;    667 ;    248 ;  -1114 ;    388 ;   -479 ;      9 ;   -141 ;     13 ;      8 ;    294 ;
2013-05-29 07:00 ;    940 ;    664 ;    364 ;    107 ;   1321 ;    692 ;    755 ;    248 ;  -1102 ;    338 ;   -520 ;     10 ;   -219 ;     13 ;      6 ;    289 ;
2013-05-29 07:05 ;    957 ;    643 ;    388 ;    109 ;   1348 ;    698 ;    827 ;    152 ;   -983 ;    361 ;   -564 ;     10 ;   -303 ;     13 ;      5 ;    288 ;
2013-05-29 07:10 ;   1013 ;    648 ;    413 ;    109 ;   1356 ;    690 ;    910 ;    162 ;  -1057 ;    301 ;   -565 ;     11 ;   -384 ;     13 ;      7 ;    294 ;
2013-05-29 07:15 ;    993 ;    641 ;    438 ;    110 ;   1365 ;    705 ;    985 ;    189 ;  -1029 ;    256 ;   -565 ;     11 ;   -464 ;     13 ;      5 ;    291 ;
2013-05-29 07:20 ;   1020 ;    649 ;    430 ;    107 ;   1387 ;    679 ;    985 ;    264 ;  -1132 ;    254 ;   -565 ;     13 ;   -465 ;     13 ;      8 ;    294 ;
2013-05-29 07:25 ;   1006 ;    652 ;    431 ;    111 ;   1415 ;    703 ;    985 ;    268 ;  -1102 ;    279 ;   -565 ;     13 ;   -465 ;     13 ;     10 ;    290 ;
2013-05-29 07:30 ;   1010 ;    657 ;    437 ;    110 ;   1389 ;    701 ;    985 ;    268 ;  -1081 ;    279 ;   -565 ;     15 ;   -465 ;     13 ;      4 ;    293 ;
2013-05-29 07:35 ;   1028 ;    641 ;    449 ;    112 ;   1380 ;    700 ;    985 ;    268 ;  -1107 ;    296 ;   -565 ;     14 ;   -465 ;     13 ;      7 ;    296 ;
2013-05-29 07:40 ;   1018 ;    666 ;    459 ;    107 ;   1414 ;    701 ;    985 ;    268 ;  -1100 ;    289 ;   -565 ;     14 ;   -465 ;     14 ;      6 ;    293 ;
2013-05-29 07:45 ;   1005 ;    674 ;    465 ;    112 ;   1441 ;    696 ;    986 ;    316 ;  -1121 ;    285 ;   -565 ;     16 ;   -465 ;     14 ;      7 ;    290 ;
2013-05-29 07:50 ;    991 ;    674 ;    465 ;    111 ;   1438 ;    709 ;    985 ;    317 ;  -1105 ;    289 ;   -565 ;     16 ;   -474 ;     14 ;      5 ;    288 ;
2013-05-29 07:55 ;    977 ;    670 ;    482 ;    116 ;   1419 ;    703 ;    985 ;    317 ;  -1088 ;    310 ;   -565 ;     17 ;   -482 ;     13 ;      9 ;    289 ;
2013-05-29 08:00 ;    979 ;    639 ;    504 ;    127 ;   1425 ;    690 ;    985 ;    256 ;  -1052 ;    340 ;   -575 ;     17 ;   -492 ;     13 ;      4 ;    290 ;
2013-05-29 08:05 ;   1048 ;    616 ;    492 ;    123 ;   1412 ;    688 ;    985 ;    252 ;  -1071 ;    389 ;   -585 ;     19 ;   -501 ;     13 ;      5 ;    298 ;
2013-05-29 08:10 ;   1067 ;    614 ;    494 ;    126 ;   1442 ;    684 ;    985 ;    252 ;  -1074 ;    377 ;   -585 ;     18 ;   -511 ;     14 ;      8 ;    298 ;
2013-05-29 08:15 ;   1089 ;    617 ;    488 ;    128 ;   1455 ;    688 ;    984 ;    252 ;  -1062 ;    385 ;   -585 ;     19 ;   -518 ;     13 ;      6 ;    300 ;
2013-05-29 08:20 ;   1100 ;    617 ;    494 ;    128 ;   1474 ;    685 ;    987 ;    252 ;  -1090 ;    383 ;   -585 ;     18 ;   -520 ;     13 ;      6 ;    299 ;
2013-05-29 08:25 ;   1111 ;    610 ;    494 ;    131 ;   1499 ;    653 ;    986 ;    252 ;  -1097 ;    420 ;   -585 ;     19 ;   -520 ;     13 ;     10 ;    300 ;
2013-05-29 08:30 ;   1113 ;    618 ;    499 ;    131 ;   1481 ;    632 ;    987 ;    252 ;  -1111 ;    408 ;   -585 ;     19 ;   -520 ;     13 ;      9 ;    303 ;
2013-05-29 08:35 ;   1115 ;    633 ;    495 ;    125 ;   1492 ;    653 ;    987 ;    252 ;  -1113 ;    427 ;   -585 ;     18 ;   -520 ;     13 ;     10 ;    301 ;
2013-05-29 08:40 ;   1109 ;    633 ;    504 ;    129 ;   1483 ;    617 ;    988 ;    212 ;  -1070 ;    436 ;   -585 ;     17 ;   -520 ;     13 ;      8 ;    303 ;
2013-05-29 08:45 ;   1130 ;    645 ;    503 ;    126 ;   1506 ;    620 ;    988 ;    210 ;  -1110 ;    420 ;   -585 ;     18 ;   -520 ;     13 ;      9 ;    304 ;
2013-05-29 08:50 ;   1123 ;    656 ;    505 ;    121 ;   1568 ;    614 ;    986 ;    191 ;  -1096 ;    432 ;   -585 ;     19 ;   -523 ;     13 ;     10 ;    300 ;
2013-05-29 08:55 ;   1143 ;    665 ;    514 ;    126 ;   1552 ;    587 ;    986 ;    175 ;  -1101 ;    404 ;   -585 ;     17 ;   -527 ;     13 ;     11 ;    304 ;
2013-05-29 09:00 ;   1151 ;    666 ;    509 ;    134 ;   1554 ;    597 ;    986 ;    156 ;  -1120 ;    429 ;   -585 ;     18 ;   -529 ;     13 ;      9 ;    304 ;
2013-05-29 09:05 ;   1137 ;    667 ;    521 ;    136 ;   1578 ;    618 ;    987 ;    138 ;  -1122 ;    414 ;   -585 ;     18 ;   -533 ;     13 ;      8 ;    302 ;
2013-05-29 09:10 ;   1138 ;    657 ;    519 ;    129 ;   1579 ;    625 ;    986 ;    119 ;  -1098 ;    406 ;   -585 ;     16 ;   -537 ;     13 ;      7 ;    301 ;
2013-05-29 09:15 ;   1139 ;    654 ;    524 ;    132 ;   1551 ;    623 ;    987 ;    103 ;  -1100 ;    426 ;   -585 ;     18 ;   -540 ;     13 ;      9 ;    303 ;
2013-05-29 09:20 ;   1148 ;    650 ;    521 ;    130 ;   1564 ;    606 ;    986 ;    102 ;  -1094 ;    445 ;   -585 ;     19 ;   -540 ;     13 ;     10 ;    305 ;
2013-05-29 09:25 ;   1143 ;    625 ;    529 ;    130 ;   1579 ;    592 ;    985 ;    102 ;  -1097 ;    472 ;   -585 ;     19 ;   -540 ;     13 ;      8 ;    305 ;
2013-05-29 09:30 ;   1124 ;    626 ;    526 ;    137 ;   1570 ;    619 ;    986 ;    149 ;  -1122 ;    481 ;   -585 ;     19 ;   -540 ;     13 ;     11 ;    302 ;
2013-05-29 09:35 ;   1116 ;    625 ;    518 ;    130 ;   1622 ;    621 ;    985 ;    151 ;  -1116 ;    454 ;   -585 ;     18 ;   -540 ;     13 ;      9 ;    299 ;
2013-05-29 09:40 ;   1118 ;    621 ;    520 ;    132 ;   1583 ;    585 ;    986 ;    151 ;  -1111 ;    484 ;   -585 ;     19 ;   -540 ;     13 ;      9 ;    304 ;
2013-05-29 09:45 ;   1102 ;    628 ;    524 ;    138 ;   1662 ;    598 ;    985 ;    151 ;  -1091 ;    494 ;   -585 ;     17 ;   -540 ;     13 ;      8 ;    297 ;
2013-05-29 09:50 ;   1119 ;    627 ;    518 ;    133 ;   1661 ;    609 ;    985 ;    151 ;  -1086 ;    478 ;   -585 ;     18 ;   -544 ;     13 ;     11 ;    298 ;
2013-05-29 09:55 ;   1134 ;    624 ;    518 ;    131 ;   1615 ;    577 ;    984 ;    143 ;  -1103 ;    493 ;   -585 ;     17 ;   -548 ;     13 ;     10 ;    305 ;
2013-05-29 10:00 ;   1148 ;    628 ;    521 ;    130 ;   1655 ;    589 ;    984 ;     87 ;  -1052 ;    491 ;   -585 ;     17 ;   -553 ;     13 ;     10 ;    303 ;
2013-05-29 10:05 ;   1146 ;    631 ;    523 ;    131 ;   1658 ;    588 ;    986 ;     85 ;  -1054 ;    495 ;   -585 ;     17 ;   -557 ;     13 ;      8 ;    302 ;
2013-05-29 10:10 ;   1125 ;    648 ;    515 ;    130 ;   1648 ;    611 ;    986 ;    139 ;  -1056 ;    465 ;   -584 ;     17 ;   -561 ;     13 ;      9 ;    299 ;
2013-05-29 10:15 ;   1127 ;    652 ;    514 ;    138 ;   1652 ;    598 ;    986 ;    139 ;  -1091 ;    468 ;   -585 ;     19 ;   -565 ;     13 ;      8 ;    300 ;
2013-05-29 10:20 ;   1132 ;    658 ;    505 ;    139 ;   1653 ;    597 ;    986 ;    139 ;  -1079 ;    453 ;   -585 ;     19 ;   -565 ;     13 ;      9 ;    300 ;
2013-05-29 10:25 ;   1118 ;    653 ;    505 ;    142 ;   1607 ;    579 ;    985 ;    139 ;  -1061 ;    474 ;   -585 ;     19 ;   -565 ;     13 ;     10 ;    304 ;
2013-05-29 10:30 ;   1107 ;    652 ;    504 ;    140 ;   1633 ;    558 ;    987 ;    139 ;  -1026 ;    485 ;   -585 ;     18 ;   -565 ;     13 ;      8 ;    302 ;
2013-05-29 10:35 ;   1136 ;    647 ;    503 ;    137 ;   1640 ;    529 ;    985 ;    139 ;  -1070 ;    531 ;   -585 ;     18 ;   -564 ;     13 ;     10 ;    306 ;
